{
 "cells": [
  {
   "cell_type": "code",
   "execution_count": 1,
   "metadata": {},
   "outputs": [],
   "source": [
    "# importing necessary libraries\n",
    "import pandas as pd"
   ]
  },
  {
   "cell_type": "code",
   "execution_count": 2,
   "metadata": {},
   "outputs": [],
   "source": [
    "# assigning each dataset to a variable\n",
    "uber_apr_2014 = pd.read_csv(\"datasets/uber-raw-data-apr14.csv\")\n",
    "uber_may_2014 = pd.read_csv(\"datasets/uber-raw-data-may14.csv\")\n",
    "uber_jun_2014 = pd.read_csv(\"datasets/uber-raw-data-jun14.csv\")\n",
    "uber_jul_2014 = pd.read_csv(\"datasets/uber-raw-data-jul14.csv\")\n",
    "uber_aug_2014 = pd.read_csv(\"datasets/uber-raw-data-aug14.csv\")\n",
    "uber_sep_2014 = pd.read_csv(\"datasets/uber-raw-data-sep14.csv\")"
   ]
  },
  {
   "cell_type": "code",
   "execution_count": 3,
   "metadata": {},
   "outputs": [],
   "source": [
    "# combining uber_apr_to_sep_2014 datasets\n",
    "uber_apr_to_sep_2014_dataset = pd.concat([uber_apr_2014, uber_may_2014, uber_jun_2014, uber_jul_2014, uber_aug_2014, uber_sep_2014], ignore_index = True)"
   ]
  },
  {
   "cell_type": "code",
   "execution_count": 4,
   "metadata": {},
   "outputs": [
    {
     "data": {
      "text/html": [
       "<div>\n",
       "<style scoped>\n",
       "    .dataframe tbody tr th:only-of-type {\n",
       "        vertical-align: middle;\n",
       "    }\n",
       "\n",
       "    .dataframe tbody tr th {\n",
       "        vertical-align: top;\n",
       "    }\n",
       "\n",
       "    .dataframe thead th {\n",
       "        text-align: right;\n",
       "    }\n",
       "</style>\n",
       "<table border=\"1\" class=\"dataframe\">\n",
       "  <thead>\n",
       "    <tr style=\"text-align: right;\">\n",
       "      <th></th>\n",
       "      <th>Date/Time</th>\n",
       "      <th>Lat</th>\n",
       "      <th>Lon</th>\n",
       "      <th>Base</th>\n",
       "    </tr>\n",
       "  </thead>\n",
       "  <tbody>\n",
       "    <tr>\n",
       "      <th>0</th>\n",
       "      <td>4/1/2014 0:11:00</td>\n",
       "      <td>40.7690</td>\n",
       "      <td>-73.9549</td>\n",
       "      <td>B02512</td>\n",
       "    </tr>\n",
       "    <tr>\n",
       "      <th>1</th>\n",
       "      <td>4/1/2014 0:17:00</td>\n",
       "      <td>40.7267</td>\n",
       "      <td>-74.0345</td>\n",
       "      <td>B02512</td>\n",
       "    </tr>\n",
       "    <tr>\n",
       "      <th>2</th>\n",
       "      <td>4/1/2014 0:21:00</td>\n",
       "      <td>40.7316</td>\n",
       "      <td>-73.9873</td>\n",
       "      <td>B02512</td>\n",
       "    </tr>\n",
       "    <tr>\n",
       "      <th>3</th>\n",
       "      <td>4/1/2014 0:28:00</td>\n",
       "      <td>40.7588</td>\n",
       "      <td>-73.9776</td>\n",
       "      <td>B02512</td>\n",
       "    </tr>\n",
       "    <tr>\n",
       "      <th>4</th>\n",
       "      <td>4/1/2014 0:33:00</td>\n",
       "      <td>40.7594</td>\n",
       "      <td>-73.9722</td>\n",
       "      <td>B02512</td>\n",
       "    </tr>\n",
       "    <tr>\n",
       "      <th>...</th>\n",
       "      <td>...</td>\n",
       "      <td>...</td>\n",
       "      <td>...</td>\n",
       "      <td>...</td>\n",
       "    </tr>\n",
       "    <tr>\n",
       "      <th>4534322</th>\n",
       "      <td>9/30/2014 22:57:00</td>\n",
       "      <td>40.7668</td>\n",
       "      <td>-73.9845</td>\n",
       "      <td>B02764</td>\n",
       "    </tr>\n",
       "    <tr>\n",
       "      <th>4534323</th>\n",
       "      <td>9/30/2014 22:57:00</td>\n",
       "      <td>40.6911</td>\n",
       "      <td>-74.1773</td>\n",
       "      <td>B02764</td>\n",
       "    </tr>\n",
       "    <tr>\n",
       "      <th>4534324</th>\n",
       "      <td>9/30/2014 22:58:00</td>\n",
       "      <td>40.8519</td>\n",
       "      <td>-73.9319</td>\n",
       "      <td>B02764</td>\n",
       "    </tr>\n",
       "    <tr>\n",
       "      <th>4534325</th>\n",
       "      <td>9/30/2014 22:58:00</td>\n",
       "      <td>40.7081</td>\n",
       "      <td>-74.0066</td>\n",
       "      <td>B02764</td>\n",
       "    </tr>\n",
       "    <tr>\n",
       "      <th>4534326</th>\n",
       "      <td>9/30/2014 22:58:00</td>\n",
       "      <td>40.7140</td>\n",
       "      <td>-73.9496</td>\n",
       "      <td>B02764</td>\n",
       "    </tr>\n",
       "  </tbody>\n",
       "</table>\n",
       "<p>4534327 rows × 4 columns</p>\n",
       "</div>"
      ],
      "text/plain": [
       "                  Date/Time      Lat      Lon    Base\n",
       "0          4/1/2014 0:11:00  40.7690 -73.9549  B02512\n",
       "1          4/1/2014 0:17:00  40.7267 -74.0345  B02512\n",
       "2          4/1/2014 0:21:00  40.7316 -73.9873  B02512\n",
       "3          4/1/2014 0:28:00  40.7588 -73.9776  B02512\n",
       "4          4/1/2014 0:33:00  40.7594 -73.9722  B02512\n",
       "...                     ...      ...      ...     ...\n",
       "4534322  9/30/2014 22:57:00  40.7668 -73.9845  B02764\n",
       "4534323  9/30/2014 22:57:00  40.6911 -74.1773  B02764\n",
       "4534324  9/30/2014 22:58:00  40.8519 -73.9319  B02764\n",
       "4534325  9/30/2014 22:58:00  40.7081 -74.0066  B02764\n",
       "4534326  9/30/2014 22:58:00  40.7140 -73.9496  B02764\n",
       "\n",
       "[4534327 rows x 4 columns]"
      ]
     },
     "execution_count": 4,
     "metadata": {},
     "output_type": "execute_result"
    }
   ],
   "source": [
    "# loading the dataframe\n",
    "uber_apr_to_sep_2014_dataset"
   ]
  },
  {
   "cell_type": "code",
   "execution_count": 5,
   "metadata": {},
   "outputs": [],
   "source": [
    "# converting the \"Date/Time\" column to datetime format\n",
    "uber_apr_to_sep_2014_dataset['Date/Time'] = pd.to_datetime(uber_apr_to_sep_2014_dataset['Date/Time'])"
   ]
  },
  {
   "cell_type": "code",
   "execution_count": 6,
   "metadata": {},
   "outputs": [
    {
     "data": {
      "text/html": [
       "<div>\n",
       "<style scoped>\n",
       "    .dataframe tbody tr th:only-of-type {\n",
       "        vertical-align: middle;\n",
       "    }\n",
       "\n",
       "    .dataframe tbody tr th {\n",
       "        vertical-align: top;\n",
       "    }\n",
       "\n",
       "    .dataframe thead th {\n",
       "        text-align: right;\n",
       "    }\n",
       "</style>\n",
       "<table border=\"1\" class=\"dataframe\">\n",
       "  <thead>\n",
       "    <tr style=\"text-align: right;\">\n",
       "      <th></th>\n",
       "      <th>Date/Time</th>\n",
       "      <th>Lat</th>\n",
       "      <th>Lon</th>\n",
       "      <th>Base</th>\n",
       "    </tr>\n",
       "  </thead>\n",
       "  <tbody>\n",
       "    <tr>\n",
       "      <th>0</th>\n",
       "      <td>2014-04-01 00:11:00</td>\n",
       "      <td>40.7690</td>\n",
       "      <td>-73.9549</td>\n",
       "      <td>B02512</td>\n",
       "    </tr>\n",
       "    <tr>\n",
       "      <th>1</th>\n",
       "      <td>2014-04-01 00:17:00</td>\n",
       "      <td>40.7267</td>\n",
       "      <td>-74.0345</td>\n",
       "      <td>B02512</td>\n",
       "    </tr>\n",
       "    <tr>\n",
       "      <th>2</th>\n",
       "      <td>2014-04-01 00:21:00</td>\n",
       "      <td>40.7316</td>\n",
       "      <td>-73.9873</td>\n",
       "      <td>B02512</td>\n",
       "    </tr>\n",
       "    <tr>\n",
       "      <th>3</th>\n",
       "      <td>2014-04-01 00:28:00</td>\n",
       "      <td>40.7588</td>\n",
       "      <td>-73.9776</td>\n",
       "      <td>B02512</td>\n",
       "    </tr>\n",
       "    <tr>\n",
       "      <th>4</th>\n",
       "      <td>2014-04-01 00:33:00</td>\n",
       "      <td>40.7594</td>\n",
       "      <td>-73.9722</td>\n",
       "      <td>B02512</td>\n",
       "    </tr>\n",
       "    <tr>\n",
       "      <th>...</th>\n",
       "      <td>...</td>\n",
       "      <td>...</td>\n",
       "      <td>...</td>\n",
       "      <td>...</td>\n",
       "    </tr>\n",
       "    <tr>\n",
       "      <th>4534322</th>\n",
       "      <td>2014-09-30 22:57:00</td>\n",
       "      <td>40.7668</td>\n",
       "      <td>-73.9845</td>\n",
       "      <td>B02764</td>\n",
       "    </tr>\n",
       "    <tr>\n",
       "      <th>4534323</th>\n",
       "      <td>2014-09-30 22:57:00</td>\n",
       "      <td>40.6911</td>\n",
       "      <td>-74.1773</td>\n",
       "      <td>B02764</td>\n",
       "    </tr>\n",
       "    <tr>\n",
       "      <th>4534324</th>\n",
       "      <td>2014-09-30 22:58:00</td>\n",
       "      <td>40.8519</td>\n",
       "      <td>-73.9319</td>\n",
       "      <td>B02764</td>\n",
       "    </tr>\n",
       "    <tr>\n",
       "      <th>4534325</th>\n",
       "      <td>2014-09-30 22:58:00</td>\n",
       "      <td>40.7081</td>\n",
       "      <td>-74.0066</td>\n",
       "      <td>B02764</td>\n",
       "    </tr>\n",
       "    <tr>\n",
       "      <th>4534326</th>\n",
       "      <td>2014-09-30 22:58:00</td>\n",
       "      <td>40.7140</td>\n",
       "      <td>-73.9496</td>\n",
       "      <td>B02764</td>\n",
       "    </tr>\n",
       "  </tbody>\n",
       "</table>\n",
       "<p>4534327 rows × 4 columns</p>\n",
       "</div>"
      ],
      "text/plain": [
       "                  Date/Time      Lat      Lon    Base\n",
       "0       2014-04-01 00:11:00  40.7690 -73.9549  B02512\n",
       "1       2014-04-01 00:17:00  40.7267 -74.0345  B02512\n",
       "2       2014-04-01 00:21:00  40.7316 -73.9873  B02512\n",
       "3       2014-04-01 00:28:00  40.7588 -73.9776  B02512\n",
       "4       2014-04-01 00:33:00  40.7594 -73.9722  B02512\n",
       "...                     ...      ...      ...     ...\n",
       "4534322 2014-09-30 22:57:00  40.7668 -73.9845  B02764\n",
       "4534323 2014-09-30 22:57:00  40.6911 -74.1773  B02764\n",
       "4534324 2014-09-30 22:58:00  40.8519 -73.9319  B02764\n",
       "4534325 2014-09-30 22:58:00  40.7081 -74.0066  B02764\n",
       "4534326 2014-09-30 22:58:00  40.7140 -73.9496  B02764\n",
       "\n",
       "[4534327 rows x 4 columns]"
      ]
     },
     "execution_count": 6,
     "metadata": {},
     "output_type": "execute_result"
    }
   ],
   "source": [
    "# loading the dataframe\n",
    "uber_apr_to_sep_2014_dataset"
   ]
  },
  {
   "cell_type": "code",
   "execution_count": null,
   "metadata": {},
   "outputs": [],
   "source": []
  }
 ],
 "metadata": {
  "kernelspec": {
   "display_name": "Python 3",
   "language": "python",
   "name": "python3"
  },
  "language_info": {
   "codemirror_mode": {
    "name": "ipython",
    "version": 3
   },
   "file_extension": ".py",
   "mimetype": "text/x-python",
   "name": "python",
   "nbconvert_exporter": "python",
   "pygments_lexer": "ipython3",
   "version": "3.8.5"
  }
 },
 "nbformat": 4,
 "nbformat_minor": 4
}
